火力發電 0 25 50 35 1000 0
風力發電 0 17 35 60 1895 0
水力發電 0 15 22 40 2230 0
地熱發電 0 15 10 120 2850 0
太陽能發電 0 15 18 80 3705 0
核能發電 0 20 25 105 3300 0
生質能發電 0 12 5 160 800 0
煤礦開採 0 22 45 35 600 0
石油開採 0 30 60 40 1500 0
天然氣開採 0 18 35 55 900 0
貴重金屬 0 28 50 65 2460 0
紡織成衣業 0 5 12 7 1100 1
造紙印刷業 0 5 13 5 800 1
鋼鐵工業 0 8 23 10 1850 1
食品工業 0 9 13 20 1650 1
化學與材料工程 0 10 14 25 2000 1
玻璃產業 0 4 22 10 1455 1
家具生產 0 3 12 13 1250 1
機械工業 0 17 24 15 3250 1
晶元加工廠 0 16 16 60 3750 1
模具業 0 14 20 35 2505 1
虛擬實境 0 13 5 50 3000 2
航太技術 0 12 17 125 6000 2
量子電腦 0 10 5 75 4500 2
AI 0 20 2 85 5250 2
機器人 0 16 15 50 3500 2
自動化醫療 0 22 3 70 7500 2
生物信息 0 12 1 100 4750 2
回收站 0 -2 -4 30 900 3
化學廢棄物處理 0 -3 -5 45 1000 3
空氣微粒收集 0 -2 -6 60 1750 3
撈油船 0 -3 -7 40 1550 3
海洋塑膠汙染回收 0 -4 -7 60 1250 3
電動力土壤汙染處理 0 -1 -5 45 805 3
微生物重金屬分解 0 -1 -6 75 1000 3
糧食生產 0 2 2 1 250 4
人造林 0 1 1 15 800 4
果樹種植 0 3 2 10 600 4
魚菜共生 0 2 1 20 750 4
鴨間稻 0 3 1 20 1050 4
養殖漁業 0 4 2 10 820 4
遠洋漁業 0 6 3 10 1205 4
酪農業 0 8 2 25 1750 4
便利商店 0 5 5 20 1050 5
超級大型市場 0 6 4 25 1200 5
百貨公司 0 7 6 30 2000 5
運動競技 0 12 2 75 4280 5
紙本宣傳 0 0 2 25 200 5
電視宣傳 0 0 1 50 355 5
網路宣傳 0 0 1 70 750 5
遊戲工作室 0 3 1 60 600 5